time(s)	Intensity(dB)
0.032	50.70
0.033	50.52
0.034	50.37
0.035	50.34
0.036	50.35
0.037	50.38
0.038	50.47
0.039	50.63
0.040	50.77
0.041	50.89
0.042	51.01
0.043	51.17
0.044	51.29
0.045	51.37
0.046	51.47
0.047	51.60
0.048	51.75
0.049	51.88
0.050	52.01
0.051	52.12
0.052	52.24
0.053	52.37
0.054	52.54
0.055	52.70
0.056	52.83
0.057	52.94
0.058	53.05
0.059	53.13
0.060	53.22
0.061	53.29
0.062	53.37
0.063	53.43
0.064	53.48
0.065	53.52
0.066	53.51
0.067	53.50
0.068	53.52
0.069	53.56
0.070	53.61
0.071	53.67
0.072	53.75
0.073	53.84
0.074	53.93
0.075	53.98
0.076	53.97
0.077	53.95
0.078	53.93
0.079	53.93
0.080	53.92
0.081	53.90
0.082	53.84
0.083	53.75
0.084	53.64
0.085	53.51
0.086	53.35
0.087	53.18
0.088	53.00
0.089	52.84
0.090	52.69
0.091	52.57
0.092	52.48
0.093	52.43
0.094	52.30
0.095	52.16
0.096	52.07
0.097	52.07
0.098	52.14
0.099	52.25
0.100	52.41
0.101	52.58
0.102	52.71
0.103	52.75
0.104	52.72
0.105	52.66
0.106	52.61
0.107	52.56
0.108	52.54
0.109	52.52
0.110	52.46
0.111	52.37
0.112	52.26
0.113	52.18
0.114	52.16
0.115	52.22
0.116	52.33
0.117	52.41
0.118	52.41
0.119	52.38
0.120	52.34
0.121	52.33
0.122	52.40
0.123	52.54
0.124	52.68
0.125	52.83
0.126	52.96
0.127	53.07
0.128	53.16
0.129	53.24
0.130	53.34
0.131	53.49
0.132	53.65
0.133	53.80
0.134	53.97
0.135	54.17
0.136	54.37
0.137	54.57
0.138	54.76
0.139	54.95
0.140	55.14
0.141	55.31
0.142	55.44
0.143	55.55
0.144	55.62
0.145	55.64
0.146	55.64
0.147	55.62
0.148	55.57
0.149	55.50
0.150	55.40
0.151	55.29
0.152	55.17
0.153	54.98
0.154	54.73
0.155	54.45
0.156	54.18
0.157	53.90
0.158	53.66
0.159	53.47
0.160	53.34
0.161	53.27
0.162	53.20
0.163	53.17
0.164	53.16
0.165	53.19
0.166	53.28
0.167	53.40
0.168	53.53
0.169	53.65
0.170	53.77
0.171	53.87
0.172	53.95
0.173	54.02
0.174	54.07
0.175	54.09
0.176	54.09
0.177	54.07
0.178	53.99
0.179	53.85
0.180	53.67
0.181	53.46
0.182	53.23
0.183	53.01
0.184	52.84
0.185	52.70
0.186	52.54
0.187	52.37
0.188	52.14
0.189	51.87
0.190	51.57
0.191	51.28
0.192	51.06
0.193	50.92
0.194	50.85
0.195	50.80
0.196	50.80
0.197	50.86
0.198	50.96
0.199	51.10
0.200	51.27
0.201	51.47
0.202	51.70
0.203	51.93
0.204	52.16
0.205	52.38
0.206	52.60
0.207	52.80
0.208	53.00
0.209	53.21
0.210	53.41
0.211	53.60
0.212	53.75
0.213	53.88
0.214	53.97
0.215	54.04
0.216	54.08
0.217	54.10
0.218	54.12
0.219	54.10
0.220	54.04
0.221	53.96
0.222	53.89
0.223	53.80
0.224	53.70
0.225	53.60
0.226	53.51
0.227	53.44
0.228	53.39
0.229	53.36
0.230	53.35
0.231	53.36
0.232	53.39
0.233	53.43
0.234	53.47
0.235	53.52
0.236	53.56
0.237	53.59
0.238	53.60
0.239	53.60
0.240	53.56
0.241	53.49
0.242	53.39
0.243	53.26
0.244	53.09
0.245	52.87
0.246	52.64
0.247	52.34
0.248	51.99
0.249	51.61
0.250	51.24
0.251	50.87
0.252	50.52
0.253	50.18
0.254	49.85
0.255	49.58
0.256	49.34
0.257	49.15
0.258	49.04
0.259	49.01
0.260	49.07
0.261	49.18
0.262	49.34
0.263	49.56
0.264	49.85
0.265	50.20
0.266	50.57
0.267	50.97
0.268	51.38
0.269	51.78
0.270	52.17
0.271	52.54
0.272	52.90
0.273	53.23
0.274	53.51
0.275	53.74
0.276	53.93
0.277	54.09
0.278	54.20
0.279	54.27
0.280	54.30
0.281	54.28
0.282	54.22
0.283	54.11
0.284	53.97
0.285	53.81
0.286	53.61
0.287	53.40
0.288	53.18
0.289	52.96
0.290	52.75
0.291	52.55
0.292	52.37
0.293	52.20
0.294	52.07
0.295	51.97
0.296	51.92
0.297	51.91
0.298	51.97
0.299	52.08
0.300	52.21
0.301	52.32
0.302	52.40
0.303	52.52
0.304	52.66
0.305	52.83
0.306	53.04
0.307	53.31
0.308	53.57
0.309	53.77
0.310	53.95
0.311	54.10
0.312	54.26
0.313	54.44
0.314	54.62
0.315	54.78
0.316	54.91
0.317	55.00
0.318	55.08
0.319	55.15
0.320	55.20
0.321	55.25
0.322	55.29
0.323	55.33
0.324	55.36
0.325	55.39
0.326	55.42
0.327	55.43
0.328	55.45
0.329	55.43
0.330	55.40
0.331	55.36
0.332	55.30
0.333	55.22
0.334	55.11
0.335	54.96
0.336	54.78
0.337	54.55
0.338	54.28
0.339	53.97
0.340	53.64
0.341	53.31
0.342	52.96
0.343	52.61
0.344	52.28
0.345	51.97
0.346	51.71
0.347	51.50
0.348	51.36
0.349	51.31
0.350	51.33
0.351	51.40
0.352	51.50
0.353	51.63
0.354	51.79
0.355	51.98
0.356	52.19
0.357	52.43
0.358	52.65
0.359	52.85
0.360	53.00
0.361	53.13
0.362	53.22
0.363	53.30
0.364	53.38
0.365	53.45
0.366	53.51
0.367	53.54
0.368	53.56
0.369	53.57
0.370	53.57
0.371	53.54
0.372	53.49
0.373	53.42
0.374	53.32
0.375	53.20
0.376	53.06
0.377	52.92
0.378	52.78
0.379	52.65
0.380	52.51
0.381	52.38
0.382	52.26
0.383	52.18
0.384	52.15
0.385	52.17
0.386	52.22
0.387	52.28
0.388	52.35
0.389	52.44
0.390	52.57
0.391	52.77
0.392	53.01
0.393	53.28
0.394	53.59
0.395	53.87
0.396	54.08
0.397	54.25
0.398	54.40
0.399	54.53
0.400	54.63
0.401	54.71
0.402	54.75
0.403	54.77
0.404	54.76
0.405	54.71
0.406	54.64
0.407	54.54
0.408	54.41
0.409	54.28
0.410	54.15
0.411	54.02
0.412	53.90
0.413	53.79
0.414	53.71
0.415	53.62
0.416	53.53
0.417	53.47
0.418	53.42
0.419	53.38
0.420	53.35
0.421	53.30
0.422	53.22
0.423	53.11
0.424	52.98
0.425	52.82
0.426	52.66
0.427	52.49
0.428	52.32
0.429	52.15
0.430	51.99
0.431	51.86
0.432	51.73
0.433	51.57
0.434	51.35
0.435	51.16
0.436	51.04
0.437	51.01
0.438	51.09
0.439	51.24
0.440	51.45
0.441	51.68
0.442	51.92
0.443	52.15
0.444	52.40
0.445	52.68
0.446	52.95
0.447	53.17
0.448	53.30
0.449	53.37
0.450	53.38
0.451	53.36
0.452	53.31
0.453	53.21
0.454	53.11
0.455	52.99
0.456	52.83
0.457	52.60
0.458	52.28
0.459	51.93
0.460	51.59
0.461	51.23
0.462	50.92
0.463	50.69
0.464	50.54
0.465	50.48
0.466	50.52
0.467	50.63
0.468	50.79
0.469	50.97
0.470	51.20
0.471	51.47
0.472	51.75
0.473	52.04
0.474	52.29
0.475	52.52
0.476	52.73
0.477	52.94
0.478	53.14
0.479	53.35
0.480	53.53
0.481	53.65
0.482	53.72
0.483	53.75
0.484	53.76
0.485	53.78
0.486	53.83
0.487	53.90
0.488	53.99
0.489	54.07
0.490	54.15
0.491	54.21
0.492	54.27
0.493	54.33
0.494	54.40
0.495	54.45
0.496	54.48
0.497	54.48
0.498	54.46
0.499	54.41
0.500	54.35
0.501	54.26
0.502	54.16
0.503	54.03
0.504	53.89
0.505	53.76
0.506	53.63
0.507	53.47
0.508	53.30
0.509	53.12
0.510	52.88
0.511	52.66
0.512	52.49
0.513	52.37
0.514	52.28
0.515	52.21
0.516	52.18
0.517	52.24
0.518	52.33
0.519	52.42
0.520	52.51
0.521	52.58
0.522	52.64
0.523	52.71
0.524	52.78
0.525	52.88
0.526	52.99
0.527	53.10
0.528	53.16
0.529	53.14
0.530	53.05
0.531	52.97
0.532	52.92
0.533	52.86
0.534	52.78
0.535	52.67
0.536	52.57
0.537	52.54
0.538	52.57
0.539	52.61
0.540	52.63
0.541	52.61
0.542	52.50
0.543	52.36
0.544	52.28
0.545	52.23
0.546	52.20
0.547	52.17
0.548	52.14
0.549	52.12
0.550	52.11
0.551	52.11
0.552	52.13
0.553	52.20
0.554	52.29
0.555	52.39
0.556	52.49
0.557	52.59
0.558	52.71
0.559	52.84
0.560	52.97
0.561	53.11
0.562	53.26
0.563	53.41
0.564	53.55
0.565	53.68
0.566	53.77
0.567	53.86
0.568	53.89
0.569	53.88
0.570	53.81
0.571	53.71
0.572	53.57
0.573	53.39
0.574	53.26
0.575	53.12
0.576	52.93
0.577	52.72
0.578	52.58
0.579	52.48
0.580	52.37
0.581	52.27
0.582	52.25
0.583	52.27
0.584	52.32
0.585	52.40
0.586	52.49
0.587	52.59
0.588	52.69
0.589	52.77
0.590	52.82
0.591	52.83
0.592	52.82
0.593	52.79
0.594	52.72
0.595	52.61
0.596	52.48
0.597	52.33
0.598	52.20
0.599	52.05
0.600	51.87
0.601	51.67
0.602	51.51
0.603	51.33
0.604	51.15
0.605	50.96
0.606	50.83
0.607	50.73
0.608	50.60
0.609	50.47
0.610	50.40
0.611	50.42
0.612	50.47
0.613	50.58
0.614	50.62
0.615	50.61
0.616	50.57
0.617	50.46
0.618	50.34
0.619	50.31
0.620	50.36
0.621	50.44
0.622	50.48
0.623	50.51
0.624	50.61
0.625	50.80
0.626	51.03
0.627	51.25
0.628	51.49
0.629	51.74
0.630	51.95
0.631	52.10
0.632	52.20
0.633	52.23
0.634	52.28
0.635	52.31
0.636	52.33
0.637	52.39
0.638	52.43
0.639	52.43
0.640	52.40
0.641	52.38
0.642	52.31
0.643	52.26
0.644	52.29
0.645	52.39
0.646	52.51
0.647	52.60
0.648	52.70
0.649	52.82
0.650	52.95
0.651	53.07
0.652	53.17
0.653	53.26
0.654	53.34
0.655	53.42
0.656	53.48
0.657	53.51
0.658	53.51
0.659	53.52
0.660	53.51
0.661	53.47
0.662	53.45
0.663	53.43
0.664	53.38
0.665	53.31
0.666	53.18
0.667	53.09
0.668	53.00
0.669	52.89
0.670	52.80
0.671	52.71
0.672	52.63
0.673	52.54
0.674	52.42
0.675	52.28
0.676	52.14
0.677	51.99
0.678	51.81
0.679	51.63
0.680	51.44
0.681	51.24
0.682	51.04
0.683	50.85
0.684	50.68
0.685	50.54
0.686	50.45
0.687	50.41
0.688	50.40
0.689	50.43
0.690	50.48
0.691	50.56
0.692	50.64
0.693	50.69
0.694	50.78
0.695	50.89
0.696	51.01
0.697	51.14
0.698	51.27
0.699	51.39
0.700	51.49
0.701	51.56
0.702	51.60
0.703	51.65
0.704	51.71
0.705	51.77
0.706	51.86
0.707	51.95
0.708	52.03
0.709	52.06
0.710	52.07
0.711	52.11
0.712	52.18
0.713	52.26
0.714	52.34
0.715	52.39
0.716	52.44
0.717	52.46
0.718	52.46
0.719	52.46
0.720	52.45
0.721	52.42
0.722	52.37
0.723	52.28
0.724	52.17
0.725	52.05
0.726	51.92
0.727	51.79
0.728	51.64
0.729	51.49
0.730	51.34
0.731	51.21
0.732	51.09
0.733	51.02
0.734	50.98
0.735	50.99
0.736	51.04
0.737	51.13
0.738	51.27
0.739	51.45
0.740	51.63
0.741	51.76
0.742	51.90
0.743	52.05
0.744	52.19
0.745	52.33
0.746	52.46
0.747	52.57
0.748	52.68
0.749	52.77
0.750	52.86
0.751	52.95
0.752	53.04
0.753	53.15
0.754	53.28
0.755	53.43
0.756	53.60
0.757	53.79
0.758	53.99
0.759	54.21
0.760	54.44
0.761	54.66
0.762	54.87
0.763	55.06
0.764	55.22
0.765	55.37
0.766	55.49
0.767	55.57
0.768	55.60
0.769	55.60
0.770	55.55
0.771	55.46
0.772	55.34
0.773	55.18
0.774	55.01
0.775	54.81
0.776	54.58
0.777	54.32
0.778	54.07
0.779	53.82
0.780	53.61
0.781	53.44
0.782	53.32
0.783	53.25
0.784	53.24
0.785	53.30
0.786	53.39
0.787	53.51
0.788	53.66
0.789	53.84
0.790	54.02
0.791	54.21
0.792	54.39
0.793	54.55
0.794	54.68
0.795	54.80
0.796	54.87
0.797	54.91
0.798	54.92
0.799	54.90
0.800	54.85
0.801	54.77
0.802	54.66
0.803	54.52
0.804	54.35
0.805	54.16
0.806	53.98
0.807	53.78
0.808	53.63
0.809	53.51
0.810	53.43
0.811	53.37
0.812	53.30
0.813	53.24
0.814	53.23
0.815	53.28
0.816	53.38
0.817	53.51
0.818	53.65
0.819	53.81
0.820	53.99
0.821	54.17
0.822	54.33
0.823	54.48
0.824	54.62
0.825	54.76
0.826	54.91
0.827	55.06
0.828	55.19
0.829	55.31
0.830	55.43
0.831	55.54
0.832	55.64
0.833	55.75
0.834	55.87
0.835	55.99
0.836	56.08
0.837	56.15
0.838	56.17
0.839	56.16
0.840	56.15
0.841	56.12
0.842	56.09
0.843	56.06
0.844	56.04
0.845	56.02
0.846	55.99
0.847	55.98
0.848	55.96
0.849	55.93
0.850	55.91
0.851	55.90
0.852	55.90
0.853	55.89
0.854	55.87
0.855	55.82
0.856	55.77
0.857	55.68
0.858	55.58
0.859	55.48
0.860	55.37
0.861	55.22
0.862	55.06
0.863	54.87
0.864	54.66
0.865	54.40
0.866	54.10
0.867	53.82
0.868	53.56
0.869	53.33
0.870	53.14
0.871	52.95
0.872	52.71
0.873	52.44
0.874	52.19
0.875	52.01
0.876	51.87
0.877	51.77
0.878	51.70
0.879	51.65
0.880	51.61
0.881	51.61
0.882	51.63
0.883	51.65
0.884	51.68
0.885	51.74
0.886	51.83
0.887	51.95
0.888	52.08
0.889	52.17
0.890	52.19
0.891	52.18
0.892	52.16
0.893	52.14
0.894	52.14
0.895	52.15
0.896	52.17
0.897	52.12
0.898	51.96
0.899	51.76
0.900	51.57
0.901	51.42
0.902	51.32
0.903	51.23
0.904	51.14
0.905	51.04
0.906	50.93
0.907	50.83
0.908	50.75
0.909	50.69
0.910	50.66
0.911	50.69
0.912	50.74
0.913	50.83
0.914	50.93
0.915	51.02
0.916	51.12
0.917	51.21
0.918	51.32
0.919	51.42
0.920	51.50
0.921	51.59
0.922	51.69
0.923	51.77
0.924	51.83
0.925	51.88
0.926	51.92
0.927	51.94
0.928	51.94
0.929	51.92
0.930	51.90
0.931	51.90
0.932	51.91
0.933	51.87
0.934	51.78
0.935	51.65
0.936	51.52
0.937	51.39
0.938	51.24
0.939	51.07
0.940	50.87
0.941	50.64
0.942	50.40
0.943	50.17
0.944	49.93
0.945	49.72
0.946	49.53
0.947	49.39
0.948	49.28
0.949	49.21
0.950	49.15
0.951	49.14
0.952	49.15
0.953	49.19
0.954	49.26
0.955	49.35
0.956	49.48
0.957	49.61
0.958	49.73
0.959	49.79
0.960	49.82
0.961	49.84
0.962	49.85
0.963	49.82
0.964	49.75
0.965	49.66
0.966	49.52
0.967	49.36
0.968	49.23
0.969	49.16
0.970	49.10
0.971	49.00
0.972	48.86
0.973	48.75
0.974	48.66
0.975	48.56
0.976	48.46
0.977	48.38
0.978	48.30
0.979	48.22
0.980	48.15
0.981	48.13
0.982	48.17
0.983	48.25
0.984	48.35
0.985	48.43
0.986	48.50
0.987	48.55
0.988	48.63
0.989	48.77
0.990	48.94
0.991	49.08
0.992	49.22
0.993	49.41
0.994	49.60
0.995	49.80
0.996	50.02
0.997	50.27
0.998	50.56
0.999	50.86
1.000	51.17
1.001	51.49
1.002	51.79
1.003	52.09
1.004	52.36
1.005	52.63
1.006	52.87
1.007	53.09
1.008	53.26
1.009	53.41
1.010	53.51
1.011	53.58
1.012	53.62
1.013	53.61
1.014	53.57
1.015	53.49
1.016	53.38
1.017	53.25
1.018	53.09
1.019	52.92
1.020	52.73
1.021	52.54
1.022	52.34
1.023	52.16
1.024	51.98
1.025	51.80
1.026	51.59
1.027	51.37
1.028	51.16
1.029	50.96
1.030	50.77
1.031	50.57
1.032	50.37
1.033	50.15
1.034	49.92
1.035	49.68
1.036	49.46
1.037	49.29
1.038	49.15
1.039	49.01
1.040	48.84
1.041	48.62
1.042	48.43
1.043	48.37
1.044	48.42
1.045	48.57
1.046	48.82
1.047	49.11
1.048	49.40
1.049	49.71
1.050	50.03
1.051	50.35
1.052	50.69
1.053	51.04
1.054	51.36
1.055	51.66
1.056	51.95
1.057	52.22
1.058	52.48
1.059	52.70
1.060	52.90
1.061	53.06
1.062	53.20
1.063	53.32
1.064	53.42
1.065	53.50
1.066	53.54
1.067	53.54
1.068	53.52
1.069	53.47
1.070	53.42
1.071	53.34
1.072	53.25
1.073	53.13
1.074	52.98
1.075	52.81
1.076	52.61
1.077	52.39
1.078	52.17
1.079	51.95
1.080	51.71
1.081	51.49
1.082	51.29
1.083	51.14
1.084	51.02
1.085	50.96
1.086	50.94
1.087	50.97
1.088	51.01
1.089	51.08
1.090	51.15
1.091	51.22
1.092	51.33
1.093	51.46
1.094	51.62
1.095	51.77
1.096	51.91
1.097	52.03
1.098	52.14
1.099	52.23
1.100	52.29
1.101	52.33
1.102	52.34
1.103	52.34
1.104	52.30
1.105	52.25
1.106	52.18
1.107	52.10
1.108	52.00
1.109	51.89
1.110	51.77
1.111	51.66
1.112	51.55
1.113	51.45
1.114	51.36
1.115	51.29
1.116	51.25
1.117	51.23
1.118	51.22
1.119	51.21
1.120	51.23
1.121	51.26
1.122	51.30
1.123	51.36
1.124	51.43
1.125	51.49
1.126	51.56
1.127	51.62
1.128	51.68
1.129	51.71
1.130	51.71
1.131	51.69
1.132	51.65
1.133	51.62
1.134	51.59
1.135	51.52
1.136	51.41
1.137	51.28
1.138	51.17
1.139	51.07
1.140	50.98
1.141	50.91
1.142	50.85
1.143	50.79
1.144	50.71
1.145	50.67
1.146	50.67
1.147	50.68
1.148	50.70
1.149	50.73
1.150	50.75
1.151	50.77
1.152	50.80
1.153	50.82
1.154	50.83
1.155	50.85
1.156	50.88
1.157	50.89
1.158	50.88
1.159	50.84
1.160	50.78
1.161	50.73
1.162	50.68
1.163	50.65
1.164	50.62
1.165	50.61
1.166	50.59
1.167	50.58
1.168	50.56
1.169	50.54
1.170	50.54
1.171	50.56
1.172	50.62
1.173	50.71
1.174	50.84
1.175	51.00
1.176	51.19
1.177	51.40
1.178	51.62
1.179	51.86
1.180	52.12
1.181	52.40
1.182	52.66
1.183	52.89
1.184	53.10
1.185	53.31
1.186	53.49
1.187	53.65
1.188	53.78
1.189	53.88
1.190	53.94
1.191	53.98
1.192	53.99
1.193	53.97
1.194	53.93
1.195	53.86
1.196	53.79
1.197	53.69
1.198	53.58
1.199	53.47
1.200	53.36
1.201	53.25
1.202	53.15
1.203	53.06
1.204	52.98
1.205	52.91
1.206	52.86
1.207	52.81
1.208	52.77
1.209	52.73
1.210	52.71
1.211	52.70
1.212	52.72
1.213	52.73
1.214	52.69
1.215	52.61
1.216	52.51
1.217	52.40
1.218	52.33
1.219	52.26
1.220	52.20
1.221	52.11
1.222	51.95
1.223	51.73
1.224	51.53
1.225	51.36
1.226	51.25
1.227	51.19
1.228	51.17
1.229	51.20
1.230	51.28
1.231	51.40
1.232	51.56
1.233	51.76
1.234	51.97
1.235	52.21
1.236	52.44
1.237	52.67
1.238	52.86
1.239	53.03
1.240	53.16
1.241	53.27
1.242	53.34
1.243	53.39
1.244	53.39
1.245	53.37
1.246	53.30
1.247	53.18
1.248	53.03
1.249	52.83
1.250	52.60
1.251	52.31
1.252	52.02
1.253	51.73
1.254	51.47
1.255	51.22
1.256	51.00
1.257	50.79
1.258	50.59
1.259	50.41
1.260	50.28
1.261	50.18
1.262	50.12
1.263	50.07
1.264	50.04
1.265	50.02
1.266	50.04
1.267	50.10
1.268	50.22
1.269	50.44
1.270	50.74
1.271	51.09
1.272	51.39
1.273	51.65
1.274	51.85
1.275	52.03
1.276	52.22
1.277	52.41
1.278	52.63
1.279	52.83
1.280	52.99
1.281	53.11
1.282	53.18
1.283	53.23
1.284	53.27
1.285	53.27
1.286	53.20
1.287	53.09
1.288	52.96
1.289	52.81
1.290	52.67
1.291	52.55
1.292	52.42
1.293	52.26
1.294	52.06
1.295	51.85
1.296	51.65
1.297	51.51
1.298	51.40
1.299	51.33
1.300	51.31
1.301	51.28
1.302	51.23
1.303	51.23
1.304	51.30
1.305	51.45
1.306	51.65
1.307	51.88
1.308	52.14
1.309	52.38
1.310	52.59
1.311	52.80
1.312	53.02
1.313	53.21
1.314	53.40
1.315	53.55
1.316	53.66
1.317	53.74
1.318	53.79
1.319	53.81
1.320	53.78
1.321	53.73
1.322	53.63
1.323	53.49
1.324	53.29
1.325	53.08
1.326	52.85
1.327	52.65
1.328	52.45
1.329	52.27
1.330	52.08
1.331	51.91
1.332	51.74
1.333	51.61
1.334	51.50
1.335	51.42
1.336	51.39
1.337	51.41
1.338	51.42
1.339	51.43
1.340	51.44
1.341	51.48
1.342	51.54
1.343	51.61
1.344	51.67
1.345	51.72
1.346	51.75
1.347	51.77
1.348	51.76
1.349	51.74
1.350	51.72
1.351	51.68
1.352	51.62
1.353	51.52
1.354	51.40
1.355	51.26
1.356	51.10
1.357	50.96
1.358	50.80
1.359	50.66
1.360	50.53
1.361	50.41
1.362	50.33
1.363	50.26
1.364	50.17
1.365	50.17
1.366	50.24
1.367	50.30
1.368	50.33
1.369	50.34
1.370	50.33
1.371	50.31
1.372	50.30
1.373	50.32
1.374	50.38
1.375	50.41
1.376	50.41
1.377	50.41
1.378	50.41
1.379	50.42
1.380	50.44
1.381	50.43
1.382	50.39
1.383	50.33
1.384	50.26
1.385	50.18
1.386	50.13
1.387	50.11
1.388	50.07
1.389	50.00
1.390	49.89
1.391	49.78
1.392	49.67
1.393	49.63
1.394	49.59
1.395	49.53
1.396	49.45
1.397	49.35
1.398	49.33
1.399	49.36
1.400	49.43
1.401	49.50
1.402	49.61
1.403	49.73
1.404	49.86
1.405	50.01
1.406	50.18
1.407	50.36
1.408	50.50
1.409	50.61
1.410	50.68
1.411	50.72
1.412	50.74
1.413	50.73
1.414	50.70
1.415	50.65
1.416	50.60
1.417	50.55
1.418	50.47
1.419	50.39
1.420	50.33
1.421	50.29
1.422	50.28
1.423	50.30
1.424	50.36
1.425	50.44
1.426	50.53
1.427	50.63
1.428	50.75
1.429	50.87
1.430	51.00
1.431	51.13
1.432	51.26
1.433	51.38
1.434	51.47
1.435	51.54
1.436	51.58
1.437	51.59
1.438	51.57
1.439	51.53
1.440	51.45
1.441	51.35
1.442	51.24
1.443	51.13
1.444	51.02
1.445	50.92
1.446	50.84
1.447	50.73
1.448	50.61
1.449	50.51
1.450	50.42
1.451	50.37
1.452	50.33
1.453	50.30
1.454	50.29
1.455	50.26
1.456	50.24
1.457	50.24
1.458	50.26
1.459	50.30
1.460	50.35
1.461	50.43
1.462	50.52
1.463	50.64
1.464	50.79
1.465	50.97
1.466	51.17
1.467	51.36
1.468	51.53
1.469	51.72
1.470	51.92
1.471	52.11
1.472	52.28
1.473	52.41
1.474	52.52
1.475	52.59
1.476	52.63
1.477	52.62
1.478	52.56
1.479	52.46
1.480	52.34
1.481	52.21
1.482	52.06
1.483	51.88
1.484	51.68
1.485	51.46
1.486	51.23
1.487	50.98
1.488	50.74
1.489	50.52
1.490	50.33
1.491	50.15
1.492	49.97
1.493	49.83
1.494	49.68
1.495	49.57
1.496	49.49
1.497	49.46
1.498	49.47
1.499	49.52
1.500	49.61
1.501	49.73
1.502	49.88
1.503	50.06
1.504	50.28
1.505	50.54
1.506	50.83
1.507	51.12
1.508	51.37
1.509	51.57
1.510	51.71
1.511	51.83
1.512	51.92
1.513	52.00
1.514	52.08
1.515	52.11
1.516	52.09
1.517	52.05
1.518	51.98
1.519	51.87
1.520	51.73
1.521	51.58
1.522	51.42
1.523	51.25
1.524	51.07
1.525	50.90
1.526	50.74
1.527	50.60
1.528	50.49
1.529	50.40
1.530	50.34
1.531	50.32
1.532	50.33
1.533	50.38
1.534	50.44
1.535	50.52
1.536	50.59
1.537	50.67
1.538	50.73
1.539	50.78
1.540	50.84
1.541	50.95
1.542	51.07
1.543	51.16
1.544	51.20
1.545	51.17
1.546	51.17
1.547	51.23
1.548	51.34
1.549	51.51
1.550	51.74
1.551	52.00
1.552	52.26
1.553	52.50
1.554	52.73
1.555	52.96
1.556	53.18
1.557	53.38
1.558	53.58
1.559	53.74
1.560	53.86
1.561	53.96
1.562	54.04
1.563	54.09
1.564	54.10
1.565	54.09
1.566	54.07
1.567	54.02
1.568	53.96
1.569	53.92
1.570	53.83
1.571	53.69
1.572	53.49
1.573	53.26
1.574	53.03
1.575	52.81
1.576	52.58
1.577	52.33
1.578	52.07
1.579	51.77
1.580	51.47
1.581	51.17
1.582	50.90
1.583	50.71
1.584	50.55
1.585	50.46
1.586	50.43
1.587	50.48
1.588	50.56
1.589	50.66
1.590	50.79
1.591	50.97
1.592	51.20
1.593	51.48
1.594	51.77
1.595	52.00
1.596	52.13
1.597	52.10
1.598	52.09
1.599	52.12
1.600	52.13
1.601	52.05
1.602	51.94
1.603	51.79
1.604	51.50
1.605	51.13
1.606	50.85
1.607	50.73
1.608	50.69
1.609	50.69
1.610	50.67
1.611	50.63
1.612	50.60
1.613	50.63
1.614	50.71
1.615	50.80
1.616	50.90
1.617	51.05
1.618	51.23
1.619	51.41
1.620	51.55
1.621	51.69
1.622	51.84
1.623	52.00
1.624	52.11
1.625	52.22
1.626	52.33
1.627	52.43
1.628	52.53
1.629	52.55
1.630	52.51
1.631	52.48
1.632	52.47
1.633	52.43
1.634	52.40
1.635	52.35
1.636	52.28
1.637	52.19
1.638	52.08
1.639	51.97
1.640	51.88
1.641	51.81
1.642	51.77
1.643	51.73
1.644	51.69
1.645	51.63
1.646	51.60
1.647	51.63
1.648	51.71
1.649	51.83
1.650	51.97
1.651	52.11
1.652	52.28
1.653	52.49
1.654	52.67
1.655	52.86
1.656	53.05
1.657	53.22
1.658	53.39
1.659	53.54
1.660	53.67
1.661	53.84
1.662	53.99
1.663	54.09
1.664	54.18
1.665	54.26
1.666	54.33
1.667	54.39
1.668	54.44
1.669	54.48
1.670	54.48
1.671	54.46
1.672	54.41
1.673	54.34
1.674	54.25
1.675	54.13
1.676	53.97
1.677	53.77
1.678	53.57
1.679	53.35
1.680	53.13
1.681	52.91
1.682	52.68
1.683	52.50
1.684	52.35
1.685	52.27
1.686	52.21
1.687	52.15
1.688	52.12
1.689	52.12
1.690	52.05
1.691	51.96
1.692	51.91
1.693	51.95
1.694	52.03
1.695	52.08
1.696	52.09
1.697	52.07
1.698	52.02
1.699	51.97
1.700	51.93
1.701	51.87
1.702	51.81
1.703	51.75
1.704	51.70
1.705	51.67
1.706	51.65
1.707	51.60
1.708	51.54
1.709	51.49
1.710	51.48
1.711	51.53
1.712	51.62
1.713	51.69
1.714	51.71
1.715	51.69
1.716	51.67
1.717	51.68
1.718	51.71
1.719	51.76
1.720	51.84
1.721	51.92
1.722	51.92
1.723	51.89
1.724	51.82
1.725	51.68
1.726	51.56
1.727	51.51
1.728	51.52
1.729	51.58
1.730	51.68
1.731	51.79
1.732	51.88
1.733	51.96
1.734	52.06
1.735	52.19
1.736	52.33
1.737	52.47
1.738	52.59
1.739	52.69
1.740	52.76
1.741	52.82
1.742	52.88
1.743	52.95
1.744	53.03
1.745	53.08
1.746	53.10
1.747	53.03
1.748	52.93
1.749	52.82
1.750	52.75
1.751	52.72
1.752	52.64
1.753	52.54
1.754	52.46
1.755	52.36
1.756	52.24
1.757	52.10
1.758	51.94
1.759	51.77
1.760	51.64
1.761	51.54
1.762	51.49
1.763	51.45
1.764	51.42
1.765	51.37
1.766	51.31
1.767	51.27
1.768	51.24
1.769	51.25
1.770	51.30
1.771	51.33
1.772	51.33
1.773	51.31
1.774	51.25
1.775	51.18
1.776	51.11
1.777	51.04
1.778	50.96
1.779	50.89
1.780	50.83
1.781	50.75
1.782	50.67
1.783	50.62
1.784	50.61
1.785	50.65
1.786	50.73
1.787	50.86
1.788	50.98
1.789	51.08
1.790	51.18
1.791	51.28
1.792	51.39
1.793	51.49
1.794	51.60
1.795	51.72
1.796	51.84
1.797	51.96
1.798	52.09
1.799	52.23
1.800	52.37
1.801	52.50
1.802	52.64
1.803	52.77
1.804	52.88
1.805	52.97
1.806	53.05
1.807	53.12
1.808	53.18
1.809	53.22
1.810	53.24
1.811	53.25
1.812	53.25
1.813	53.25
1.814	53.25
1.815	53.30
1.816	53.38
1.817	53.53
1.818	53.75
1.819	54.07
1.820	54.46
1.821	54.93
1.822	55.47
1.823	56.04
1.824	56.63
1.825	57.22
1.826	57.79
1.827	58.32
1.828	58.80
1.829	59.22
1.830	59.59
1.831	59.91
1.832	60.16
1.833	60.35
1.834	60.47
1.835	60.53
1.836	60.52
1.837	60.45
1.838	60.31
1.839	60.13
1.840	59.88
1.841	59.59
1.842	59.25
1.843	58.87
1.844	58.45
1.845	58.02
1.846	57.60
1.847	57.19
1.848	56.82
1.849	56.52
1.850	56.31
1.851	56.22
1.852	56.27
1.853	56.46
1.854	56.71
1.855	57.03
1.856	57.44
1.857	57.90
1.858	58.39
1.859	58.89
1.860	59.37
1.861	59.83
1.862	60.26
1.863	60.67
1.864	61.05
1.865	61.42
1.866	61.76
1.867	62.10
1.868	62.43
1.869	62.79
1.870	63.17
1.871	63.59
1.872	64.03
1.873	64.51
1.874	65.01
1.875	65.52
1.876	66.02
1.877	66.48
1.878	66.92
1.879	67.31
1.880	67.66
1.881	67.97
1.882	68.21
1.883	68.37
1.884	68.56
1.885	68.78
1.886	68.86
1.887	68.61
1.888	68.46
1.889	68.30
1.890	68.09
1.891	67.88
1.892	67.67
1.893	67.79
1.894	67.85
1.895	67.88
1.896	68.46
1.897	68.86
1.898	69.63
1.899	70.54
1.900	71.58
1.901	72.68
1.902	73.79
1.903	74.91
1.904	75.99
1.905	77.03
1.906	78.01
1.907	78.93
1.908	79.81
1.909	80.63
1.910	81.40
1.911	82.12
1.912	82.78
1.913	83.41
1.914	83.97
1.915	84.49
1.916	84.96
1.917	85.41
1.918	85.81
1.919	86.17
1.920	86.49
1.921	86.78
1.922	87.03
1.923	87.25
1.924	87.44
1.925	87.60
1.926	87.74
1.927	87.86
1.928	87.97
1.929	88.06
1.930	88.15
1.931	88.23
1.932	88.30
1.933	88.38
1.934	88.46
1.935	88.55
1.936	88.64
1.937	88.72
1.938	88.81
1.939	88.90
1.940	88.99
1.941	89.08
1.942	89.16
1.943	89.24
1.944	89.31
1.945	89.37
1.946	89.43
1.947	89.47
1.948	89.51
1.949	89.53
1.950	89.56
1.951	89.58
1.952	89.59
1.953	89.60
1.954	89.60
1.955	89.60
1.956	89.60
1.957	89.60
1.958	89.60
1.959	89.61
1.960	89.61
1.961	89.61
1.962	89.62
1.963	89.63
1.964	89.64
1.965	89.65
1.966	89.66
1.967	89.66
1.968	89.67
1.969	89.67
1.970	89.67
1.971	89.66
1.972	89.65
1.973	89.64
1.974	89.62
1.975	89.60
1.976	89.58
1.977	89.56
1.978	89.54
1.979	89.52
1.980	89.50
1.981	89.49
1.982	89.48
1.983	89.48
1.984	89.48
1.985	89.48
1.986	89.49
1.987	89.50
1.988	89.51
1.989	89.52
1.990	89.54
1.991	89.56
1.992	89.58
1.993	89.60
1.994	89.62
1.995	89.63
1.996	89.64
1.997	89.65
1.998	89.65
1.999	89.65
2.000	89.65
2.001	89.64
2.002	89.63
2.003	89.61
2.004	89.60
2.005	89.58
2.006	89.57
2.007	89.55
2.008	89.53
2.009	89.51
2.010	89.50
2.011	89.48
2.012	89.46
2.013	89.44
2.014	89.41
2.015	89.39
2.016	89.35
2.017	89.31
2.018	89.27
2.019	89.21
2.020	89.15
2.021	89.07
2.022	88.98
2.023	88.88
2.024	88.76
2.025	88.63
2.026	88.48
2.027	88.31
2.028	88.13
2.029	87.93
2.030	87.72
2.031	87.50
2.032	87.27
2.033	87.03
2.034	86.80
2.035	86.56
2.036	86.32
2.037	86.09
2.038	85.85
2.039	85.62
2.040	85.37
2.041	85.13
2.042	84.89
2.043	84.65
2.044	84.40
2.045	84.15
2.046	83.89
2.047	83.64
2.048	83.39
2.049	83.13
2.050	82.87
2.051	82.62
2.052	82.37
2.053	82.13
2.054	81.89
2.055	81.63
2.056	81.36
2.057	81.11
2.058	80.86
2.059	80.63
2.060	80.40
2.061	80.17
2.062	79.96
2.063	79.73
2.064	79.52
2.065	79.29
2.066	79.06
2.067	78.84
2.068	78.63
2.069	78.44
2.070	78.27
2.071	78.13
2.072	78.01
2.073	77.92
2.074	77.87
2.075	77.84
2.076	77.85
2.077	77.88
2.078	77.94
2.079	78.01
2.080	78.10
2.081	78.20
2.082	78.30
2.083	78.38
2.084	78.45
2.085	78.51
2.086	78.55
2.087	78.57
2.088	78.56
2.089	78.53
2.090	78.47
2.091	78.38
2.092	78.26
2.093	78.12
2.094	77.95
2.095	77.76
2.096	77.56
2.097	77.35
2.098	77.13
2.099	76.92
2.100	76.71
2.101	76.51
2.102	76.34
2.103	76.18
2.104	76.04
2.105	75.93
2.106	75.82
2.107	75.73
2.108	75.64
2.109	75.55
2.110	75.46
2.111	75.36
2.112	75.24
2.113	75.10
2.114	74.95
2.115	74.78
2.116	74.60
2.117	74.40
2.118	74.19
2.119	73.96
2.120	73.73
2.121	73.48
2.122	73.24
2.123	72.99
2.124	72.74
2.125	72.49
2.126	72.26
2.127	72.01
2.128	71.76
2.129	71.53
2.130	71.32
2.131	71.11
2.132	70.92
2.133	70.76
2.134	70.62
2.135	70.50
2.136	70.38
2.137	70.30
2.138	70.23
2.139	70.19
2.140	70.16
2.141	70.14
2.142	70.12
2.143	70.10
2.144	70.08
2.145	70.05
2.146	70.00
2.147	69.92
2.148	69.79
2.149	69.64
2.150	69.47
2.151	69.28
2.152	69.05
2.153	68.80
2.154	68.53
2.155	68.23
2.156	67.91
2.157	67.57
2.158	67.23
2.159	66.88
2.160	66.53
2.161	66.19
2.162	65.88
2.163	65.56
2.164	65.27
2.165	65.01
2.166	64.76
2.167	64.56
2.168	64.38
2.169	64.23
2.170	64.12
2.171	64.04
2.172	63.97
2.173	63.90
2.174	63.87
2.175	63.84
2.176	63.81
2.177	63.78
2.178	63.76
2.179	63.75
2.180	63.74
2.181	63.73
2.182	63.71
2.183	63.71
2.184	63.71
2.185	63.71
2.186	63.71
2.187	63.75
2.188	63.79
2.189	63.86
2.190	63.94
2.191	64.08
2.192	64.26
2.193	64.50
2.194	64.77
2.195	65.08
2.196	65.40
2.197	65.72
2.198	66.04
2.199	66.36
2.200	66.65
2.201	66.91
2.202	67.12
2.203	67.28
2.204	67.39
2.205	67.45
2.206	67.45
2.207	67.40
2.208	67.29
2.209	67.12
2.210	66.90
2.211	66.63
2.212	66.32
2.213	65.97
2.214	65.61
2.215	65.24
2.216	64.89
2.217	64.57
2.218	64.29
2.219	64.08
2.220	63.93
2.221	63.85
2.222	63.81
2.223	63.81
2.224	63.82
2.225	63.84
2.226	63.84
2.227	63.81
2.228	63.75
2.229	63.65
2.230	63.50
2.231	63.30
2.232	63.05
2.233	62.74
2.234	62.37
2.235	61.95
2.236	61.48
2.237	60.97
2.238	60.40
2.239	59.78
2.240	59.17
2.241	58.54
2.242	57.89
2.243	57.26
2.244	56.63
2.245	56.04
2.246	55.48
2.247	54.97
2.248	54.54
2.249	54.20
2.250	53.93
2.251	53.67
2.252	53.40
2.253	53.09
2.254	52.97
2.255	52.91
2.256	52.93
2.257	52.92
2.258	52.86
2.259	52.64
2.260	52.45
2.261	52.50
2.262	52.60
2.263	52.73
2.264	52.86
2.265	52.99
2.266	53.12
2.267	53.24
2.268	53.35
2.269	53.46
2.270	53.55
2.271	53.60
2.272	53.62
2.273	53.58
2.274	53.48
2.275	53.36
2.276	53.21
2.277	53.02
2.278	52.78
2.279	52.47
2.280	52.13
2.281	51.79
2.282	51.43
2.283	51.08
2.284	50.77
2.285	50.48
2.286	50.21
2.287	49.99
2.288	49.84
2.289	49.74
2.290	49.71
2.291	49.73
2.292	49.79
2.293	49.89
2.294	50.02
2.295	50.17
2.296	50.35
2.297	50.57
2.298	50.80
2.299	51.02
2.300	51.24
2.301	51.45
2.302	51.66
2.303	51.87
2.304	52.05
2.305	52.24
2.306	52.40
2.307	52.54
2.308	52.63
2.309	52.68
2.310	52.74
2.311	52.79
2.312	52.83
2.313	52.88
2.314	52.92
2.315	52.98
2.316	53.04
2.317	53.11
2.318	53.17
2.319	53.24
2.320	53.30
2.321	53.36
2.322	53.43
2.323	53.49
2.324	53.55
2.325	53.60
2.326	53.63
2.327	53.66
2.328	53.67
2.329	53.69
2.330	53.72
2.331	53.74
2.332	53.76
2.333	53.81
2.334	53.84
2.335	53.86
2.336	53.86
2.337	53.88
2.338	53.88
2.339	53.86
2.340	53.81
2.341	53.76
2.342	53.72
2.343	53.65
2.344	53.57
2.345	53.43
2.346	53.28
2.347	53.14
2.348	52.98
2.349	52.82
2.350	52.68
2.351	52.56
2.352	52.46
2.353	52.38
2.354	52.31
2.355	52.28
2.356	52.31
2.357	52.40
2.358	52.51
2.359	52.55
2.360	52.58
2.361	52.64
2.362	52.68
2.363	52.77
2.364	52.85
2.365	52.95
2.366	53.04
2.367	53.10
2.368	53.17
2.369	53.19
2.370	53.09
2.371	53.01
2.372	52.95
2.373	52.94
2.374	52.99
2.375	53.03
2.376	53.08
2.377	53.13
2.378	53.17
2.379	53.21
2.380	53.27
2.381	53.35
2.382	53.44
2.383	53.54
2.384	53.63
2.385	53.70
2.386	53.78
2.387	53.86
2.388	53.93
2.389	53.98
2.390	54.06
2.391	54.16
2.392	54.22
2.393	54.29
2.394	54.33
2.395	54.34
2.396	54.31
2.397	54.27
2.398	54.27
2.399	54.24
2.400	54.20
2.401	54.13
2.402	54.06
2.403	53.97
2.404	53.85
2.405	53.73
2.406	53.59
2.407	53.45
2.408	53.32
2.409	53.18
2.410	53.02
2.411	52.84
2.412	52.61
2.413	52.35
2.414	52.11
2.415	51.95
2.416	51.87
2.417	51.85
2.418	51.80
2.419	51.71
2.420	51.58
2.421	51.44
2.422	51.31
2.423	51.25
2.424	51.26
2.425	51.30
2.426	51.37
2.427	51.40
2.428	51.44
2.429	51.51
2.430	51.62
2.431	51.78
2.432	51.97
2.433	52.18
2.434	52.38
2.435	52.58
2.436	52.78
2.437	52.97
2.438	53.17
2.439	53.34
2.440	53.48
2.441	53.58
2.442	53.62
2.443	53.63
2.444	53.60
2.445	53.55
2.446	53.48
2.447	53.38
2.448	53.23
2.449	53.06
2.450	52.85
2.451	52.65
2.452	52.45
2.453	52.28
2.454	52.16
2.455	52.09
2.456	52.09
2.457	52.09
2.458	52.10
2.459	52.15
2.460	52.25
2.461	52.41
2.462	52.60
2.463	52.82
2.464	53.04
2.465	53.27
2.466	53.50
2.467	53.74
2.468	53.98
2.469	54.24
2.470	54.49
2.471	54.74
2.472	54.96
2.473	55.17
2.474	55.40
2.475	55.63
2.476	55.86
2.477	56.08
2.478	56.29
2.479	56.48
2.480	56.63
2.481	56.76
2.482	56.87
2.483	56.94
2.484	56.98
2.485	56.99
2.486	56.96
2.487	56.89
2.488	56.78
2.489	56.63
2.490	56.44
2.491	56.22
2.492	55.97
2.493	55.69
2.494	55.39
2.495	55.05
2.496	54.70
2.497	54.33
2.498	53.96
2.499	53.59
2.500	53.22
2.501	52.85
2.502	52.48
2.503	52.12
2.504	51.77
2.505	51.43
2.506	51.11
2.507	50.80
2.508	50.50
2.509	50.22
2.510	49.94
2.511	49.70
2.512	49.49
2.513	49.33
2.514	49.26
2.515	49.24
2.516	49.27
2.517	49.33
2.518	49.35
2.519	49.34
2.520	49.33
2.521	49.38
2.522	49.49
2.523	49.61
2.524	49.72
2.525	49.85
2.526	49.97
2.527	50.11
2.528	50.24
2.529	50.38
2.530	50.50
2.531	50.62
2.532	50.73
2.533	50.85
2.534	50.98
2.535	51.12
2.536	51.24
2.537	51.36
2.538	51.47
2.539	51.57
2.540	51.67
2.541	51.80
2.542	51.94
2.543	52.10
2.544	52.26
2.545	52.42
2.546	52.58
2.547	52.74
2.548	52.89
2.549	53.04
2.550	53.20
2.551	53.34
2.552	53.47
2.553	53.58
2.554	53.68
2.555	53.76
2.556	53.83
2.557	53.89
2.558	53.94
2.559	53.97
2.560	53.98
2.561	54.00
2.562	53.99
2.563	53.96
2.564	53.91
2.565	53.83
2.566	53.74
2.567	53.64
2.568	53.53
2.569	53.39
2.570	53.23
2.571	53.05
2.572	52.85
2.573	52.65
2.574	52.44
2.575	52.21
2.576	51.98
2.577	51.75
2.578	51.53
2.579	51.33
2.580	51.16
2.581	51.04
2.582	50.94
2.583	50.88
2.584	50.87
2.585	50.92
2.586	51.01
2.587	51.09
2.588	51.21
2.589	51.36
2.590	51.52
2.591	51.67
2.592	51.79
2.593	51.88
2.594	51.94
2.595	51.99
2.596	52.02
2.597	52.04
2.598	52.04
2.599	52.01
2.600	51.92
2.601	51.80
2.602	51.67
2.603	51.52
2.604	51.37
2.605	51.25
2.606	51.17
2.607	51.13
2.608	51.12
2.609	51.13
2.610	51.16
2.611	51.20
2.612	51.28
2.613	51.34
2.614	51.37
2.615	51.41
2.616	51.46
2.617	51.50
2.618	51.48
2.619	51.42
2.620	51.35
2.621	51.24
2.622	51.09
2.623	50.92
2.624	50.82
2.625	50.76
2.626	50.68
2.627	50.54
2.628	50.36
2.629	50.18
2.630	50.04
2.631	49.96
2.632	49.93
2.633	49.91
2.634	49.92
2.635	49.95
2.636	50.01
2.637	50.10
2.638	50.23
2.639	50.32
2.640	50.38
2.641	50.45
2.642	50.52
2.643	50.55
2.644	50.59
2.645	50.60
2.646	50.60
2.647	50.59
2.648	50.59
2.649	50.60
2.650	50.60
2.651	50.56
2.652	50.50
2.653	50.42
2.654	50.33
2.655	50.26
2.656	50.20
2.657	50.15
2.658	50.10
2.659	50.05
2.660	50.00
2.661	49.92
2.662	49.82
2.663	49.73
2.664	49.68
2.665	49.71
2.666	49.82
2.667	49.95
2.668	50.06
2.669	50.18
2.670	50.33
2.671	50.49
2.672	50.69
2.673	50.92
2.674	51.16
2.675	51.39
2.676	51.60
2.677	51.80
2.678	51.99
2.679	52.18
2.680	52.39
2.681	52.59
2.682	52.80
2.683	52.96
2.684	53.10
2.685	53.20
2.686	53.26
2.687	53.24
2.688	53.24
2.689	53.25
2.690	53.26
2.691	53.24
2.692	53.22
2.693	53.18
2.694	53.12
2.695	53.07
2.696	53.03
2.697	53.02
2.698	53.11
2.699	53.29
2.700	53.28
2.701	53.16
2.702	53.12
2.703	53.22
2.704	53.43
2.705	53.78
2.706	54.35
2.707	54.51
2.708	54.54
2.709	54.73
2.710	55.04
2.711	55.39
2.712	55.79
2.713	56.22
2.714	56.70
2.715	57.24
2.716	57.83
2.717	58.47
2.718	59.15
2.719	59.88
2.720	60.63
2.721	61.37
2.722	62.10
2.723	62.82
2.724	63.51
2.725	64.16
2.726	64.79
2.727	65.38
2.728	65.93
2.729	66.44
2.730	66.90
2.731	67.31
2.732	67.67
2.733	67.99
2.734	68.26
2.735	68.48
2.736	68.67
2.737	68.83
2.738	68.95
2.739	69.06
2.740	69.16
2.741	69.26
2.742	69.36
2.743	69.46
2.744	69.57
2.745	69.69
2.746	69.84
2.747	69.99
2.748	70.16
2.749	70.33
2.750	70.49
2.751	70.62
2.752	70.65
2.753	70.71
2.754	70.74
2.755	70.75
2.756	70.74
2.757	70.72
2.758	70.70
2.759	70.70
2.760	70.75
2.761	70.97
2.762	71.20
2.763	71.35
2.764	71.78
2.765	72.25
2.766	72.85
2.767	73.51
2.768	74.22
2.769	74.99
2.770	75.77
2.771	76.55
2.772	77.32
2.773	78.04
2.774	78.69
2.775	79.29
2.776	79.86
2.777	80.38
2.778	80.85
2.779	81.27
2.780	81.65
2.781	81.99
2.782	82.28
2.783	82.54
2.784	82.76
2.785	82.96
2.786	83.13
2.787	83.27
2.788	83.39
2.789	83.50
2.790	83.58
2.791	83.66
2.792	83.72
2.793	83.76
2.794	83.79
2.795	83.80
2.796	83.80
2.797	83.80
2.798	83.79
2.799	83.76
2.800	83.71
2.801	83.64
2.802	83.56
2.803	83.46
2.804	83.33
2.805	83.17
2.806	82.99
2.807	82.78
2.808	82.56
2.809	82.31
2.810	82.03
2.811	81.74
2.812	81.44
2.813	81.13
2.814	80.82
2.815	80.52
2.816	80.25
2.817	80.03
2.818	79.84
2.819	79.72
2.820	79.64
2.821	79.58
2.822	79.56
2.823	79.59
2.824	79.64
2.825	79.69
2.826	79.77
2.827	79.86
2.828	79.95
2.829	80.05
2.830	80.12
2.831	80.19
2.832	80.24
2.833	80.27
2.834	80.28
2.835	80.27
2.836	80.24
2.837	80.20
2.838	80.15
2.839	80.07
2.840	79.98
2.841	79.86
2.842	79.73
2.843	79.58
2.844	79.41
2.845	79.23
2.846	79.03
2.847	78.82
2.848	78.60
2.849	78.36
2.850	78.11
2.851	77.85
2.852	77.59
2.853	77.32
2.854	77.05
2.855	76.77
2.856	76.50
2.857	76.23
2.858	75.98
2.859	75.75
2.860	75.54
2.861	75.30
2.862	75.08
2.863	74.90
2.864	74.74
2.865	74.60
2.866	74.46
2.867	74.34
2.868	74.23
2.869	74.10
2.870	73.99
2.871	73.90
2.872	73.78
2.873	73.68
2.874	73.61
2.875	73.56
2.876	73.57
2.877	73.63
2.878	73.75
2.879	73.96
2.880	74.20
2.881	74.49
2.882	74.83
2.883	75.21
2.884	75.62
2.885	76.04
2.886	76.45
2.887	76.86
2.888	77.25
2.889	77.63
2.890	77.99
2.891	78.33
2.892	78.65
2.893	78.94
2.894	79.22
2.895	79.48
2.896	79.72
2.897	79.95
2.898	80.16
2.899	80.36
2.900	80.55
2.901	80.72
2.902	80.88
2.903	81.04
2.904	81.19
2.905	81.33
2.906	81.46
2.907	81.59
2.908	81.72
2.909	81.84
2.910	81.96
2.911	82.07
2.912	82.17
2.913	82.28
2.914	82.38
2.915	82.47
2.916	82.56
2.917	82.64
2.918	82.71
2.919	82.78
2.920	82.84
2.921	82.89
2.922	82.93
2.923	82.96
2.924	82.98
2.925	82.98
2.926	82.98
2.927	82.97
2.928	82.95
2.929	82.92
2.930	82.88
2.931	82.84
2.932	82.79
2.933	82.75
2.934	82.70
2.935	82.65
2.936	82.60
2.937	82.55
2.938	82.48
2.939	82.41
2.940	82.33
2.941	82.22
2.942	82.09
2.943	81.93
2.944	81.74
2.945	81.51
2.946	81.24
2.947	80.92
2.948	80.55
2.949	80.13
2.950	79.66
2.951	79.12
2.952	78.53
2.953	77.88
2.954	77.17
2.955	76.40
2.956	75.58
2.957	74.70
2.958	73.78
2.959	72.81
2.960	71.84
2.961	70.84
2.962	69.86
2.963	68.89
2.964	67.97
2.965	67.11
2.966	66.34
2.967	65.64
2.968	65.02
2.969	64.46
2.970	63.96
2.971	63.52
2.972	63.12
2.973	62.75
2.974	62.43
2.975	62.16
2.976	61.99
2.977	61.88
2.978	61.70
2.979	61.73
2.980	61.81
2.981	62.03
2.982	62.21
2.983	62.51
2.984	62.79
2.985	63.04
2.986	63.31
2.987	63.55
2.988	63.72
2.989	63.86
2.990	63.96
2.991	64.04
2.992	64.09
2.993	64.19
2.994	63.89
2.995	63.63
2.996	63.40
2.997	63.42
2.998	62.90
2.999	62.63
3.000	62.47
3.001	62.61
3.002	62.67
3.003	63.23
3.004	64.01
3.005	65.12
3.006	66.38
3.007	67.75
3.008	69.15
3.009	70.54
3.010	71.91
3.011	73.26
3.012	74.52
3.013	75.72
3.014	76.87
3.015	77.97
3.016	79.02
3.017	80.00
3.018	80.93
3.019	81.80
3.020	82.61
3.021	83.37
3.022	84.06
3.023	84.71
3.024	85.30
3.025	85.84
3.026	86.33
3.027	86.78
3.028	87.17
3.029	87.52
3.030	87.83
3.031	88.10
3.032	88.33
3.033	88.53
3.034	88.69
3.035	88.83
3.036	88.95
3.037	89.04
3.038	89.11
3.039	89.16
3.040	89.20
3.041	89.23
3.042	89.25
3.043	89.27
3.044	89.27
3.045	89.27
3.046	89.27
3.047	89.26
3.048	89.26
3.049	89.26
3.050	89.27
3.051	89.28
3.052	89.29
3.053	89.31
3.054	89.33
3.055	89.36
3.056	89.38
3.057	89.41
3.058	89.44
3.059	89.47
3.060	89.51
3.061	89.52
3.062	89.53
3.063	89.55
3.064	89.56
3.065	89.57
3.066	89.55
3.067	89.53
3.068	89.52
3.069	89.50
3.070	89.49
3.071	89.48
3.072	89.47
3.073	89.46
3.074	89.46
3.075	89.47
3.076	89.47
3.077	89.48
3.078	89.49
3.079	89.50
3.080	89.51
3.081	89.52
3.082	89.53
3.083	89.53
3.084	89.53
3.085	89.53
3.086	89.51
3.087	89.49
3.088	89.47
3.089	89.43
3.090	89.39
3.091	89.34
3.092	89.29
3.093	89.24
